3,1
3,3
10,263
10,232
10,32
10,83
10,150
10,18
10,264
10,2
10,3
9,7
9,6
9,1
9,4
9,2
9,3
8,10
8,6
8,16
20,3
20,2
20,1
19,3
19,2
19,1
12,3
12,2
12,1
11,30
11,29
11,28
11,27
11,26
11,25
11,24
11,23
11,22
11,21
11,20
11,19
11,18
11,17
11,16
11,15
11,14
11,13
11,11
11,10
11,9
11,8
11,7
11,6
11,5
11,4
11,3
11,2
11,1
10,316
10,315
10,314
10,313
10,312
10,311
10,310
10,309
10,308
10,307
10,306
10,305
10,304
10,303
10,302
10,301
10,300
10,299
10,298
10,297
10,296
10,295
10,294
10,293
10,292
10,291
10,290
10,286
10,284
10,280
10,273
10,247
10,245
10,236
10,235
10,234
10,229
10,214
10,213
10,210
10,202
10,192
10,191
18,1
10,189
18,3
10,186
14,1
10,174
10,171
14,3
